53302220
5326283
5233953
5160923
5407765
52688163
5406157
539620
540697

538351..
530499..
539300..
5420121
5332922
539096
538812
524412
539562

524348
524208
543210
514274

541988
539528
523204
512165
500002
543187
500488
513119
520123
532057
538952
538935
539544
511756

531161
500410
517494
532268
530093

539661
531525
539570
517356
530043
539391
513149
524091
532762
511706
512599
541450
532921
533096
542066
539254
526711
523411
539506
507852
541865
519183
532056
514113
534707
540691
535755
532974
540146
513513
521141
540205
543269
511359
530431
523120
517041
532172
543230
534612
539982
540025
523269
531429
539773
531686
541152
500003
542752
541402
531921
500463
539042
516020
537292

500215

532811
522273
532806
532683
524288


532975
532331
519216
511692
530713
513349

526628
530621

538778

532351
541303
524598
500710
531082
524075
531409
526707
532114
506235
533573
511463
530973
517546
531156
505216
531147
530889
532166
533029
539523
506767
532749
534064
532875
532633
531400
521070
532878
526397
542770
526519
530715
538423
524634
506597
501622
500008
521097
539196
500009
542524
540902
532335
531978
539223
500425
530133
532828
513117
541771
506248
531300
500343
531681
526241
531991
507525
590006
542721
515055
532141
502330
500012
590062
526173
531252
540694
543235
541006

519383
531878
511153
518091
531223
531673
532870
542437
530799
531406
523007
507828
500013
543254
538833
506260
542460
530109
543275
542865
532259
523694
540692
533758
517096
542774
523537
512437
508869
540879
531761

538566
500877
539545
532475
539403
512344
540135
520121
543231
532994
532212
524640
532914
526851
539151
532935
511605
531381
506194
526125
53101739
531179
537069
513729
531560
516064
506074
533163
531297
542670
542919
522134
500016
526935
530881

542484
500101
539301
538716
530245
515030
514482
532853
527001
542579
540024
519174
523716
513401
590122
514286
512247
526847
530429
541702
507872
524594
500477
533271
540923
526983
526187
531568
502015
530899
530355
532888
533227
533221
500023
500820
524434
531847
519532
530723

526433

542911
507526
533138
540975
532493
532830
506820
540824
511144
530187
517429
538713
532759
505029
514394
511427
531795
500027
500028
540611
532668
530233
524804
531336
509009
522005
539177
531994
532797
500029
505036
505010
520119
540649
531310
532406
512573
540376
539288
523896
512109
511589

519105
513642
532215
532395
542285
523850
508933
508136
523186

532507...
537766..
532719..
536965..
5312682
532380
524516
532989
511724
532977
533229
500031
500034
532978
539872
500032
500490
507944
524824
530999
532382
513142

502355
539251
500102
523319
532485
500038
531112
520127
519295
531591
526849
509053
500039
541153
532946
539120
532134
532149
532525

532674
500041
538546
519353
503722
532916
543283
513502
532336
532694
524687
500042
500043
522004
506285
517246
539621
524332
542057
524828
539447
533270
539546
539018
539399
522650
500048
541178
509438
533095
532230
509480
531340
524606
531582
539660
508664

512477
533303
532430
532930
509449
530803
531719
504646
512296
540621
540545
512608
500052
531862
511501
503960
541143
500049
500493
505688
500103
524663
541096
500547
590021
540700
523229
539799
533499
532454
526666
524534
540956
514272
533108
506027
540061
500058
533321
526853
543209
505681
523054
540148
514215
535620
534535
532523
524396
531752
500060
500335
522105
542932
532400
539043
519500
514183
532290
506197
526225
531175
540073
506981
539607
526612
514440
500067
542669
523019
500069
530809
524370
539122

501425
501430
500020
509470
532678

504648
543212
502219
500530
539274
535279
500074
505690
535693

531203
530207
530249
532929
526731
532368
532113
500825
534731
533543

532123
514045
543248
532931
517421
531373
532813
507515..
532321

517236
532386
532801
524440
532834
511196
532483
539304
533267
540710
539198
530879
538476
511505
524742
531595
512169
509486
507486
538817
536974
513375
534804
533260
530609
532282
500870
531682
531158
531900
519600
534796
500878
530789
514171
538734
532695
532701
522251
531380
531621
532885

501150
517544
500280
500083
532548
500040
532443
532413
500084
500093
531489
542399
530307
512301
500085
542627
522292
542934
530309
540829
531327
511696
531977
539800
530871
543233
540395
541269
506365
537326
539011
523489
500110
526817
521244
532992
531358
530427
526546
504973
511243
519475
540681
501833
530191
519477
542678
534758
533407
530829
531283
526373
532807
530457
532324
500087
531775
502445
531235
538786
538674
542727
532210
521210
540403
506390
540310
538433
540481
530839
517330

512018
533278
501831
520131
508571
513353
540678
539436
532541
500830
531210
540023
534691
535267
531216
533272
539986
531041
532456
532339
543232
507833
522231
538965
504340
539991
526829
532902
523844
531344
531067
506935
531460
523232
538868

522295
531556
524506
530755
532941
533167
506395
526737
530859
530545
523100
508814
543172
538922
526550
531624
523415
534920
533144
543276
538770
512093
522001
509472
539527
532392

541770
539131
512379
511413
526269
500092
539876

538521
542867
530067
526027
511710
500480
530843
531472
532640
532271
532173
532175
517514
533151..
..
..
500096
526821
530825
501148
500097
521220
532329
540361
539770
539884
532528
526443
530171
530393
533160
532772
511611
502820
542729
523369
523367
500117
590031

505703
502137
512068
542248
531989
524752
531227
532760
543288
541778
500645
506401
514030
539455
532848
539596
504286
504240
533137
537536

539197
531585
530765
511072
519588
538715
500119
531923
531198
521216
542679
532960
532180
512485
521151
507717
531043
540268
506405
511451
507442
501945
526971
531306
541302
507886
531237
533336
538902
523736
508860
500120
522163
530959
500089
540811
542685
517214
540151
542155
531153
540789
540047
500068
532839
531553
538432
53248839
526315
540699
543193
532868
533146
505526
542013
526504
512519
533176
526783.
539267.
539524.
541299.
500124.
540144
543268
523618
526677
534674
531471
504908
526355
516003
517437
532610
532365
505242
540795
524818
530779
517238
532707
531533.
500125...
22
542724
540006
590022
531346
542906
532751
543272
533452
532927
530643
523732
538708
526703
540063
532922
532696
535694
505200
523127
500840
523708
538653
530581
543284
532820
513452
500123
523329
505700
500128
526608
526473
526705
522074

531278
542803
517477
504000
522027
531162
533208
533218
542602
504008
538882
507265
532737

533161
524768
509525
504351
512441
540153
532219
532178
533477
526574
532700
500246
530407
500135
531155
539844
543243
540596
533261
530909
531502
500133
540455
511716
500495
531259
533149
533704
500136
537707
530929

526468
533109
521014
542668
531508
508906
532684
524790
514358
524444
500650
533090
500086
533121
530571
526614
532656
543252
532459
530079
532666
531599
500469
505744

526689
506414
590024
533896
500142
507910
532768
532022
526227
539098
541557
517264
533333
508954
500144
500940
511122
532379
532809
524743
536751
523672
533638
504380
522017

507552
502865
500033
532843
523696
530213
500150
513579
532403
540190
539032
539730
530077
522195
521167
532042
538568
530197
539169
533400
523574
570002
536507
533296
540064
540798
523113
534063
505250..
507488..
543239..
513059..
523277..
505714
524624
531196
532155
505711
539228
542802
504697
531911
526073
506186
540935
533265
532726
531902
532959
513108
500153
504397
526367
514167

531813
540647
521176
542011
530615
539216
526727
512493
530161
509563
500655
514400
509557
532622
532345
540613
540936
524564
541546
532767
532183
512479
533204
539009
538319
535431
532309
522275
504028
532764

539486
531137
541999
540755
539407
531592
506109
531739
542851
538961
530343
532425
532285
500173
540614
500171
533048
542918
511676
538788
532716
507815
531744
590025
539013
531758
533212
542666
531199
543245
500660
532296
513528
530263

501848
532773
540654
540266
526025
531904
533104
542351
505255
532754
540124
509567
542850
506480
530317
532734
500163
540743
532424
500164
533150
538787
533189
531600
532957
532630
539725
532980
538542
538180
505576
531928
540062
500151
526729
531439
531360
513309
523676
530655
500166
500168
531913
526717
531608
531111
530709
530663
532543
533761
513343
539235
532482
509488
500300
526751
505710
509546
533282
532015
500620
501455
538979
542857
526797
506076
531449

539522
509152
511543
530469
532951
532139
532775
500160
500170
532744
540602
539479
509079
530001
524226
522217
513507
514386
526965
511441
542812
507960
540938
517300
517372
531341
500174
531881
532181
500670
513536
506858
533248
517288
523836
518029
500690
532160
532702
524314
506879
513337
506640
538567
532457
532708
530141
533275
541019..
502873..
532145..
539854
515147
538731
543227
509597
541276
538081
512604
542682
526931
500467
532855
524080
531387
509073
533162
531531
517354
539176
508486
532467
532334
508956
532333
532216
517271
539224
500179
532281
541729
500180
540777
539787
526967
509631
500292
539174
531178
543242
524590
543266
505720
519552
500182
524669
534328
500183
504176
531301
524735
509675
539697
532847
505712
514010
500184
526899
513723
514043
531979
504036
500440
509895
532859
514428
541154
532041
509635
500185
513599
505725
524013
519126
505893
533217
500500
500186
500449
500104
530315
500696
500188
515145
539984
530853
590018
532359
526217
522073

541627
531661
539097
522215
500193
500191
543259
522064
517174
526683
540530
532873
500010
532761
526761
540136
500187
532662
532799
509820
519463

532174
540716
540133
541179
532835
500116
539437
532659
524614
507438
505726
500106
540774
500199
517380
539449
532636
542773
542772
531968
532907
511208
533177
511628
539056
513295
517571
532614
531129
531672
517370
538541
531594
538365
523465
536709
509162
517077
511473
531505
511355
530005
535667
531253
500201
530979
531343
500202
590065
532240
513361
532189
535789
532832
542726
514165
532814
504731
509692
540750
500850
504741
509051
504746
533047
530965
532388
542830
543257
500319
533329
523586
540954
501700
543258
532745
524648
530747
524342
521016
526887
524458
500207
532717
533676
541304
532100
532612
504092
504058
533257
541336
521005
532894
539175
532514
532150
526445
522165
532305
524652
532001
531841
534816
532187
501298
501295
506222
539807
541083
532777

509069
504810
500209
530777
500210
531929

533315
541983
523840

541353
532706
539083
532851
500211
532774
526871
531314
505358
535958
536868
539149
500212
519606
531889
538835
534732
506134
532326
511391
530259
539692
539448
505737

509709
517044
500213
532072
533181
533506
504786
530023
523752
524164
500214
523638
524494
512405
532947
541956
540735

508918
526859
533033
540134
531109
524400
511609
532479
508807
524622
500875
509496
523610
522183
507580
522245
532341
532940.
538539.
506943..
523062..
532644..
506522..
523405..
530915..
530711
507155
532825
532705
530601
507789
532976
512237
514312
500219
570004
539119
532033
526865
505212
505840
532532
532627

538564
532209
520051
502901
500220

519319
514318
526001
520066
509715
513252
501311
524330
522285
531323
500306
533207
506520
506910
514034
532605
500223
524592
538837
524731
532617

538794

517063
543286
540850
531550
532771
540651
511618
54265339
530405
533103
511034
507981
539947
532624
500227
536773
500378
539597
532508
532286
531543
540311
539225
536493
500380
532162
530007
538765
522263
511092
523712
513691
500147
523398
531861
542446
538092
50575039
508929
530985
542866
504080
533148
532642
513446
500228
520057
534600
533155
533320
543271
530019

516078
531337
507987
534623
535648
532926
504076
514448
513250
514360
500239..
539686..
511728..
540756
524322
524109
524675
531778
504840
531780
500233
500234
521054
530201
522287
543278
513509
533302
500235
532468
514322
511131
526668
532741
506184
538896
541005
521242
500236
513456
506525
507779
500165
540515
512399
512036
539679
526115
541161
533451
532652
538928
501151
590003
502933
532925
532899
530255
539276
504084
530357
540696
531784
590066
533192
540385
532054
532714
518011

517569
519602
506528
531163
506530
505890
530163
532686
507180
524174
533289
502937
532732
507948
512597
531609
540775
507794
519064
531892
539788

507435
535730
531692
513693
507946
535566
522101
524500
532067
530313
500240
531274
524019
530215
512329
540680
531413
530443
537750
532967
500241
533193
500245
500243
533293
505283
530145
521248
532304
530235
503669
526409
523652
530771
514221
517170
532673
524520
531578
519415
543273
532942
531541
523207
532924
539910
514128
532397
524280
500458
500247
507474

530299

539599
523323
507598
542323
542651
532889
505299
542459
530813
524518
530139
531328
533482

539384
500248
504392
526423
533210
523550
500249
519421

532081
532937
539408
543289
526869
523594
514240
536170
530421
539997
533519
540115
526947
505693
524202
540026
530577
524522
531842
535387
505302
504258
500252
502958
506079
590075
539841
509048
532275
533012
540005
500510
540702
540222

543277
537669
539814
531288
540360
508306
517415
532829
541233
502250
533602
541196

500250
533007

526596
511593
531027
500253
543240
507759
517463
531241
531633
523457
524748
526604
507912
540192
512455
539992
590082
532740
526568
534422
500284
530065
523475
532998
533343
539227
514036
532783
526179
512048
532796
517206
500257
539542
531402
500259
530689
534532
522241
538890..
509196..
506543..
532906
507836
523248
512600
543287

539894
515093
531497
519279
515059


590134
538401
500264
540650
538891
524000
517449
532896
523384
519612
514450
513460
513554
531515
539957
500108
505523
500266
500265
526795
539383
531648
542677

532720
500520
532756
523754
533088
532313
540768
590078
513430
539289
500267
539229
506919
539400
532728
513269
533169
539045
539046
532932
539044
500268
531213

540210
505850
502157
532637
537800
514418
539275
516007
530011
500109
507938
533078
540396
541974
530537
511758
505324
521018
503101
513544
530543
540254
500206
531642
531503
526891
524404

51746739
523566
531540
531319
532500

540749
523704
511768
532470
511688
540704.
539219
523371
534563
500271
543220
543223
539940
534338
526538
540401
539519
531221
531680
522249
543237
523792
533152
532852
532654
532629
512267
531146
523144
539938
540937
526301
538834
540519
511276
531176
531417
539767
532408
541352
511367
539012
540730
511740
511377
511738
532307
531127
523828
531727
539126
538942
526235
538964
531357
500274
531810
513335
500159
542650
540150
531613
526622
532850
526251
500277
531192
540744
526570
541337
531338
507621
511187

531456
538962
532539
543217
517344
532819
523373
532164
500279
526642
539220
541195
539594
542801
523782
540078

522036


513377
503772
519287
503015
515008
509760
513303
519003
500890
503776
506261
504273

531453
530169
532140
530047
533286

533080
526263
511551
538446
532078
505343
538836
530167
532621
511549
500288
526237
523160
532407
517334
532892
501343
542864
507522
532723
526299
500450
526143
532440
540809
500290
532376
543262
543253.
532650
508922
542597
534312
543270
538743
532097
500460
700087
523832
530341
535204
532357
501477
534091
526169
504356
520059
520043
511200
511401
531821
515037
540366
511766
533398
538862
506734
535205
530897..
519494..
516082..
5122792
524709

531832
539917
532362
532895
521109
532952
519136
523391
500296
541418
531212
532256
538395
532641

539551
540080
519455
540204
531416

526739
524816
537291
502587
532234
523630
531289
500298
526616
531287
516062
513179
504882
530119
531834
524654
538926
513023
532504
531494
539332
539525
508989
538668
543280
534309

519506
500294
502168
530557
511535
543214
532649
508670
531049
539409
537838
539016
533202
532864
504112
514332
526195
542665
505355
500790
543247
509040
542117
511658
532798
532887
524558
532529
540769
540243
540900
532416
538874
524774
517554
533098
535136
526721
523209
531083
500304
526159
531272
543282
530377
542231
502294
530129
523385
511714
539843
540767
532986
512425
500307
543194
532722
508875
532854
532698

506532
542206
538772
513683
526371
522289
500730
532481
524414
534615
542628
539110
531465
513566
530733
500672
542771
530127
530367
535458
526723
532555
531209
543264
524764
530219
531819
500189
504378
512489
533273
535657
538019
540405
533008
540416
531996
530175
500312
500313
533106
526415
532439
521105
534190
507609
531092
538537
520021
532880

531496
533317
532340
514324
514330

533632
530805
532944
540386
517536
530135
531254
532391
539598
532466
512626
524372
531157
513121
504879
530365
507690
535754
541301
533263
502420
526325
534076
531512
500078
506579
500314
531859
532817
541206
590086
531626
539015
539287
530173

540198
500317
531065
514460
523151
530741
539291
514087...
526747..
513403..
523862
523483
538963
531395
532350
526905
517230
532827
532900
540648
539121
541444
532521
511597
517397
511525
531349
538742
538860
524820
508941
504093
513511
531726
506122
531280
539469

539143
530291
539889
531255
531364
530555
507970
524689

524628
532911
540359
506128
511702
511176
532780
541347
521080

500456
503092
539401
531120
526381
517417
524031
514326
539113
532742
504335
532676
534809
517119
538730
532808
523260
539273
524136
531352
503031
513228

500329
524210

521062
526435

504132
533179
532522
500680
531769
533581
531281
500143
523620
524572
506590
526481
503100
537839
542123
509084
526588
524808
523642
530305
507498
532355
500331
500327
539883
531879
514300
507864
500302
530683
513519
500333
52310539
523648
534060
532366
540173
539150
539195
523628
524570
532486
526687
540717
507645
531768
542652
506605
531397
531454
537573
526043
524051
539354
512481
532626
532460
532011
540727
519359
531870
532933

532810
532898
539302
532934
540027
513532
530095
533178
500192
522205
531746
506022
542684
533239
531437
531172
519014
540724
526490
531257
531637
540901
539636
523874
517258
523539

530669
530331
511016
526247
500540
513291
514354
509835
531802
509077
533274
540293
519262
531246
530589
532748
519299
530695
500337
542907
500338
512217
501314
531688
539359
532387
530117
524580
511557
500126
500459
531265

526494
590057
540703
534675
540544
533344
532524
539006
509220
539785

532693
533295
506852
506618
500346
532461
532891
538993
538647
532689
536659
538646
511116
538596
530281
538452
539978
539962
535719
539678
539515
532866
532735
538119
..
524502
502271
537785
520073
590070
532692
539673
531273
540125
532497
531412
539837
526813
538921
514316
542649
543265
500339
532441
531694
533093
530111
530699
532826
503127
532503
538707
506975
530253
507962
526662
531500
543285
526823
514028
513369
541601
522257
517522

500354
500355
534734
522281
500357
500358
524037
539309
523289
515127
538540
500260
532369
532370
514223
530951
532527
533262
532690
530925
507490
531228
532661
532987
532988
505800
543274
531583
500360
501351
507966
522207
524230
531233
532918
540796
520111
534597
533122
537840
507300
533294
526095
543251
504341
541634
531207
500330
540065
537254
533608
533285
530053
513558
538611
532955
523650
532805
532884
530815
531033
515018
540175
511585
512624
526075
530517

532124
500111
503162
532712
540709
523445
500325
500390
533107
532939
511712
539760
532915
539561
513043
530919
532923
535322
532687
524218
538273
505509
515085
519191
505368
531888
539669
531952
530271
532766
539435
519230
520008
524480
540082
507508
530251
531539
526861
523021
526492
542383
541556
519097
526407
540843
536456
511169

512618
540358
531822
532731
502448
500366
530991
543213
533168
517500
539922
543228
526193
512047
532699
526640
532983
533284
542333
511626
531667
531307
517447
530179
539875
500350
512565
531552
531215
500367
531099
503169
509020
500368
532785
539226
530449
533552
533470
517035
539450
517273
514197
540497.
534598..
540048..
513515..
540081
539112
530267
530461
540132
531869
532710
539346
506642
540821
523025
531436
502090
540715
532092

540143
511533
503691
532841
538557
530265
515043

590051
511066
507315
532713
539353
532604
540642
540181
526554
590056
500370
517059
532005
521240
511630
520075
530617
543229
530125
521206
530025
509423
521222

523116
526725
541163
524703
504918
516096
514234
534618
526521
540782
530073
531569
532972
532435
500674
514280
530035
519260
538992
512020
504614
516032
519242
532163
526885
531930
540393
514412
532663
533259
511076
526093
539201
539404
508996
539218
502175
511577
517320
532404
512634
524667
531893
523710
540728
542725
532102
543066
540719
526081
511672
516110
526544
507894
505790
534139
505141
533268
542753
526807
521182
514264
543234

512161
530075
531980
512529
531944

502450
505075
533605
511760
524324
531812
513436
519031
526508
542862
539520
501423
531431
540797
511754
539895
509874
512499
532455
540259
542232
540425
512297
531925
522034
539921

514402
519397
538666
513548
535602
512393
540725
540786
523449
538212
540147
540203
540757
530525
533301
526839
538685
526117
539111
526137
531201
513709
530549
543244
523598
512289
540693
539833
532323
530433
540072
540961
511108
522237
513097
539148
532776
539593
532638

538795
521131
502563
500387
502180
539470
530797
540737
512463
524336
516106
500388
503863
531962
540253
527005
539334
503837
516086

532310
500356
532670
513488

540738
532007

516016
526335
520151
526981
530841
503804
512453
530977
531080
538897

531359
532498
532945

511218
511411
542019
531506
523790
524632
539252
505515
520141
533014
520086
530439
532217
500550
512131
523606

524642
521194

512197
531635

539742
507998
513472
523838
533018
533019
503229
519566
523023
532029
505729

502742
540653
523164
532879

540673
512589
532795
503811
533206
500472

538562
532143
531169

526479
505650
543065
542034
539494
532419
543263
508905
513418
505192
540686
540679
532815

505827
538635
532784
538923
504375
532344
532725
541540

502460
513699
538575
522152
511571
507514
521034
531548
533001
526901
538943
532221
539378
532679
521036
531398
526477
516108
532218

540174
514454
513498
590030
523826
530289
541890
538920

524727
542759
531370
540211
534425
513687
531982
517166
54233739
526161
521082
526827
500285
540084
532651
513414
500402
539221
540079
538402
530177
526532
532842
514248
535601
523756
539217
503806
534680
530943
531322
514442
539363
521161
521234
521178
513605
523222
530821
539026
531723
504180
511700
530017
526231
530931
506105
540575
539255
539017
516022
531616
540492
538733
517548
520155
512381
500112
512531
500113

534748
513173
513262
513517
533316
536738
531509
542760
526500
508963
530759
532374
513151
532730
543260
504959
530495
532531
530611
526951
532348
530231
517168
538714
506003
506655
521113
511654
539117
524542
508969
530419
514211
530445

542920
533306
532154
532872
524715
542025
517403
532733
539526
530795
590072
520056
590071
533166
500403
531260
500404
531433
530953
537253
521232
523425
530845
539574
512179
530735
530883
512527
521180
523842
532070
523283
539835
519234
526133
540168
511539
532509

530677
509930
532904
500405
531638
518075
533298
517530
530185
543218
500336
533101
532874
521200
514138
514140
519604
543279
532782

530239
543064
531640
543281
537259
532667
535621
523722
503624
524488
505590
539041
503659
506863
503816
531909
539406
503310
500407
531003
526365
512257
510245
530585
532051
523558
517201
512359
531499
539278
517385
524470
533157
541929
539268
513307
531173
526506
522294
532444.
539956
537392
519483
507785
532390
532890
505160
538987
533170
531426
500777
513540
523419
522229
506854
532790
532738
540332
519285
533203
543249
538496
532869
519091
540955
500770
532301
500483
532540
500800
500408
501301
513434
500570
570001
500400
500055
513010
500470
532371
521228
531190
541228
504961
532284
533393
540212
501242
532262
524156
541700
523301
533553
539658
532755
526576
542141
532804
533216
501421
540595
539428
530595
533982
530533
513305
526638
505400
533326
533164
532845
507753
509945
526654
509015
533158

530199
500411
539310
538464
531652
507450
500412
500413
533941
539871
540108
590005
536264
533629
505196
503663
507205
532856
511559
500414
522113
530475
541741
504966
532375
540904

531814
524582
539040
539985
532966
524717
500114
530045
531644
500418
500420
532779


526650
531771
538607
526582
509953
526961
500422
532410
532928
513063
526139
519367
542765
506687
532349
532812
542923
511730
533540
542233
500251
532159
505854
534369
531716
521064
540726
531972
517562
531658
536565
531846
534755
531279
523387
505978
532356
538569
502281
533655
514142
538597
507747
517506
540762
524514
505285
531411
506808
532515
540083
53280018
532513
532343
509243
526921
531917
532384
526945
530579..
500464
532505
530131
539518
500148
539141
530363
511742
541338
533644
539874
542904

538706
506685
532538
500231
539798
504605
506690
541503

512595
532477
526799
500429
530997
521226
526113
537582
538610
532035
531867
507878
532478
531091
522014
502893
507808


532432
521188
522091

532378
539314
504212
523519
504673
524408
542933
514144
531762
511764
512070
531390
526987
532402
532398
517146
511507
511736
543238
500014
500426
513216
532729
511110..
539123..
507880...
5328672
533269
532320
519152
519156

531676
532156

511431
526775
540145
513397
530459
512175
530369
532090
538918
540729
539761
502589

531444
500439
514175
534392
502986
540570
541578
540180
531574

533156
538634
533576
531650

513005
511493
536672
500295
533056
522267
503657
543241
511523
539132
526755
505232
52326139
524038
526953

512229
531950

520113
539331
532953
537524
538732
523796
503349
531234
511389
531717
539659
531069
530151
537820
531334
530961
542655
531518
519307
530477
524394
524200
534639
517015
531051
517393
524129
530401
532613
514302
511726
530627
519457
530521
532372
534741
531126
532721
531025
506146
509055
540097
532411
539398
538598
516072
512064
542852
526441
531668
524711
538565
540823
541735
530057
524576
542046
532660
511509
509026
536128
511333
534976
533427
539222
532822
522122
509038
532757
500575
542654
539118
519331
509966
531266
532893
517399
504220..
541445
533023
503675
501370
507410
511147
532053
524212
538970
508494
523660

517498
523011
504988
524661
532016
531211
532144
532553
514162
533252
500365
505412
532373
500444
538382

505533
501391
590073
500238
513713
542667
519214
519224
526586
522029
526471
514470
507685
507817
532300
531396
538268
526525

505872
532616
542367
590013
531225
533520
511012
540980
514378
539939
511601
516030
541167
530063
532648
522209
530675
540550
522108
536846
531663
539963
505537
717503
533287
532794
533339
512553
514266
530665
531845
530697
532039
504067
505163
531404
541400
521163

503641
512587

534742
500780
531335
